Center name,Served Jobs,Average Service Time,Average Queue Time,Avg Queue Time Normal,Avg Queue Time Prio
Storm_Force,663,0.8797435036340443,0.0,0.626623699455262,0.3820489630012961
Harry_Potter_Journey,738,0.42479138325415,0.0,0.5152085260114818,0.21601495289720754
Restaurant_4,44,15.08814038839909,0.0,0.0,0.0
Doctor_Doom_Fearfall,1063,0.42125612808148544,0.0,0.26965943057707314,0.1902441335487761
Restaurant_3,28,13.663642646488436,0.0,0.0,0.0
Flight_Hippogriff,754,0.40021334956255655,0.0,0.6275799951770962,0.23760962954975642
Restaurant_2,28,17.695077032972762,0.0,0.0,0.0
Restaurant_1,18,15.121319120185445,0.0,0.0,0.0
Skull_Island,567,1.2465018889740853,0.0,0.8699494703641694,0.7911553734062754
Entrance,848,0.5130692825592578,0.0,0.0,0.0
Jurassic_World_VelociCoaster,926,0.6623471459351883,0.0,0.48691735669176034,0.37444858687209753
Incredible_Hulk_Coaster,898,0.5866757645657183,0.0,0.39143632155127994,0.34279066081197557
Storm_Force,663,0.8752801568484142,0.0,0.5732331962405064,0.5695868102421348
Harry_Potter_Journey,738,0.43050518948005123,0.0,0.463315997939307,0.27489647087489527
Restaurant_4,54,14.015228265386126,0.0,0.0,0.0
Doctor_Doom_Fearfall,1023,0.4363047732403708,0.0,0.27189132425186063,0.20472625942863704
Restaurant_3,20,13.699632174428379,0.0,0.0,0.0
Flight_Hippogriff,774,0.42539796382216377,0.0,0.5481105381783324,0.24882537253485934
Restaurant_2,29,16.239462421804674,0.0,0.0,0.0
Restaurant_1,21,16.471083665707745,0.0,0.0,0.0
Skull_Island,556,1.2957124688415675,0.0,0.7745058257251953,0.9257353633249827
Entrance,848,0.5130692825592578,0.0,0.0,0.0
Jurassic_World_VelociCoaster,946,0.6378322330895618,0.0,0.43959576154769137,0.3705117107035428
Incredible_Hulk_Coaster,901,0.6363000592578152,0.0,0.39382655498174574,0.33949890906295865
